32 8 122 122 201 58 104 104 
201 69 116 116 44 36 145 145 
224 75 89 89 201 59 116 116 
61 62 119 119 208 75 105 105 
183 88 120 120 43 73 138 138 
36 83 130 130 181 83 122 122 
187 87 120 120 32 82 137 137 
36 86 130 130 186 88 119 119 
48 104 124 124 191 83 116 116 
54 107 122 122 187 81 113 113 
33 98 131 131 192 90 114 114 
41 91 120 120 188 84 102 102 
192 88 104 104 41 93 117 117 
195 86 103 103 46 88 115 115 
198 88 100 100 44 87 113 113 
46 84 110 110 197 88 101 101 
37 80 126 126 199 89 100 100 
51 79 112 112 209 83 101 101 
200 79 84 84 79 84 99 99 
201 86 94 94 72 96 100 100 
194 92 91 91 70 96 100 100 
64 99 98 98 191 97 92 92 
67 96 97 97 187 97 98 98 
182 106 99 99 65 99 99 99 
177 108 101 101 68 98 102 102 
90 92 104 104 216 96 86 86 
197 87 95 95 60 95 103 103 
186 93 97 97 54 96 100 100 
60 98 108 108 184 96 100 100 
185 96 98 98 61 99 108 108 
57 99 99 99 182 97 98 98 
180 97 100 100 62 96 96 96 
53 107 108 108 182 98 96 96 
59 97 99 99 188 98 97 97 
58 97 97 97 193 90 97 97 
54 96 99 99 174 93 104 104 
174 94 104 104 55 99 93 93 
55 97 98 98 176 96 101 101 
55 96 99 99 173 96 102 102 
172 98 103 103 55 97 94 94 
166 99 107 107 57 100 94 94 
162 112 105 105 51 99 100 100 
158 121 106 106 47 98 100 100 
157 119 108 108 48 96 100 100 
159 119 106 106 50 97 95 95 
162 120 103 103 48 96 98 98 
163 120 100 100 50 100 96 96 
51 101 98 98 164 119 101 101 
53 99 107 107 166 120 100 100 
59 89 97 97 174 105 100 100 
187 90 92 92 76 93 101 101 
79 95 99 99 196 90 91 91 
65 92 101 101 188 95 93 93 
191 96 90 90 65 92 104 104 
68 92 101 101 186 93 97 97 
67 91 101 101 184 95 96 96 
65 93 100 100 184 97 95 95 
70 97 93 93 185 98 94 94 
67 92 96 96 183 97 96 96 
185 97 97 97 64 91 103 103 
177 100 98 98 66 93 99 99 
178 100 101 101 66 94 100 100 
65 91 101 101 177 102 98 98 
176 101 99 99 63 91 102 102 
62 91 101 101 177 102 97 97 
64 92 100 100 177 101 98 98 
63 92 101 101 174 101 100 100 
64 93 101 101 171 100 103 103 
175 101 98 98 64 93 99 99 
176 102 96 96 63 92 101 101 
174 102 99 99 62 92 101 101 
63 93 99 99 172 102 101 101 
61 93 101 101 173 102 102 102 
62 92 100 100 173 103 100 100 
173 103 100 100 61 92 99 99 
58 95 94 94 171 100 104 104 
58 94 96 96 171 101 104 104 
173 102 100 100 58 96 94 94 
54 93 100 100 172 102 101 101 
54 94 97 97 171 103 100 100 
170 101 102 102 56 95 95 95 
55 95 96 96 169 102 103 103 
170 103 100 100 56 96 93 93 
171 103 100 100 57 96 93 93 
171 102 99 99 55 98 98 98 
170 104 98 98 54 96 102 102 
172 104 99 99 54 99 102 102 
170 104 100 100 52 96 103 103 
170 103 99 99 51 98 98 98 
170 102 101 101 53 97 99 99 
170 102 100 100 52 94 102 102 
171 104 99 99 52 94 104 104 
176 99 99 99 54 96 100 100 
52 95 97 97 178 80 99 99 
52 94 100 100 189 85 97 97 
207 92 95 95 53 99 101 101 
207 87 90 90 56 94 102 102 
204 86 92 92 48 103 108 108 
204 88 99 99 52 98 104 104 
46 104 116 116 190 87 95 95 
193 100 93 93 50 102 116 116 
58 94 102 102 191 94 100 100 
46 93 106 106 188 83 101 101 
58 97 103 103 211 96 93 93 
192 96 98 98 47 97 95 95 
48 97 105 105 200 97 98 98 
50 95 101 101 194 100 100 100 
50 96 99 99 177 97 102 102 
63 93 104 104 193 64 85 85 
191 89 102 102 65 98 97 97 
202 116 101 101 70 105 103 103 
194 135 99 99 74 113 102 102 
207 120 96 96 56 103 110 110 
201 110 101 101 59 106 106 106 
197 100 99 99 54 104 116 116 
61 108 103 103 192 110 103 103 
190 117 106 106 55 103 109 109 
191 119 101 101 63 106 109 109 
194 118 102 102 61 103 114 114 
195 117 101 101 66 105 112 112 
196 118 98 98 61 102 114 114 
198 118 99 99 69 105 111 111 
46 88 100 100 189 114 99 99 
168 115 102 102 24 100 110 110 
171 117 106 106 35 101 115 115 
172 117 105 105 31 99 118 118 
173 118 104 104 37 102 110 110 
173 116 104 104 40 103 105 105 
173 117 104 104 39 103 106 106 
38 101 109 109 173 115 104 104 
35 101 107 107 170 110 106 106 
40 101 104 104 176 112 104 104 
33 102 103 103 173 113 104 104 
36 99 109 109 177 113 102 102 
38 101 105 105 176 112 102 102 
37 99 108 108 176 112 103 103 
39 101 106 106 178 111 104 104 
38 102 102 102 179 111 105 105 
177 116 103 103 37 102 104 104 
35 99 113 113 178 114 103 103 
174 116 104 104 32 100 108 108 
36 116 99 99 171 99 101 101 
23 95 103 103 159 110 104 104 
160 118 104 104 27 96 105 105 
38 111 108 108 191 97 98 98 
32 110 109 109 179 96 102 102 
36 111 106 106 174 99 107 107 
43 113 102 102 172 100 104 104 
42 111 105 105 174 102 102 102 
172 101 106 106 44 110 108 108 
169 120 102 102 39 110 106 106 
162 118 108 108 39 109 107 107 
159 117 112 112 38 110 108 108 
160 117 111 111 39 111 103 103 
156 114 116 116 36 109 108 108 
162 121 104 104 36 111 107 107 
160 118 109 109 41 112 105 105 
160 118 109 109 38 108 110 110 
161 118 108 108 39 110 105 105 
160 117 109 109 40 112 106 106 
36 110 110 110 169 87 100 100 
136 74 145 145 7 110 109 109 
125 65 151 151 10 110 105 105 
127 59 143 143 12 111 102 102 
131 59 132 132 14 111 102 102 
156 44 124 124 18 110 105 105 
6 82 137 137 229 51 86 86 
6 53 140 140 203 94 112 112 
3 44 151 151 178 83 131 131 
72 91 108 108 179 93 102 102 
202 107 102 102 69 98 109 109 
187 115 105 105 63 99 110 110 
193 108 102 102 63 111 111 111 
72 118 100 100 189 106 100 100 
61 114 106 106 180 107 102 102 
184 110 101 101 64 113 110 110 
67 117 102 102 184 108 102 102 
184 107 103 103 65 116 105 105 
177 108 102 102 63 113 102 102 
63 110 106 106 186 112 103 103 
186 117 102 102 58 108 114 114 
61 110 107 107 183 116 104 104 
60 114 107 107 180 116 103 103 
181 122 99 99 63 109 107 107 
177 121 104 104 63 112 105 105 
62 112 109 109 177 119 106 106 
184 108 102 102 48 115 112 112 
43 110 117 117 172 113 116 116 
170 115 109 109 46 114 112 112 
49 117 109 109 166 122 106 106 
56 118 107 107 170 122 108 108 
52 118 105 105 169 122 108 108 
172 121 106 106 48 115 114 114 
48 117 112 112 172 125 104 104 
51 118 105 105 168 120 111 111 
53 119 106 106 169 125 107 107 
49 112 113 113 165 123 109 109 
47 114 114 114 164 123 112 112 
45 105 112 112 178 113 105 105 
196 89 100 100 55 94 101 101 
41 91 106 106 182 98 106 106 
42 97 103 103 157 114 116 116 
157 116 113 113 39 98 100 100 
37 97 102 102 160 117 113 113 
41 97 101 101 159 116 112 112 
39 98 100 100 160 116 116 116 
40 98 100 100 161 120 113 113 
161 120 113 113 42 98 99 99 
160 119 116 116 41 98 103 103 
39 102 105 105 164 122 110 110 
39 102 102 102 160 120 116 116 
41 101 102 102 163 125 111 111 
166 120 111 111 41 102 99 99 
166 124 108 108 41 102 101 101 
39 100 107 107 163 120 113 113 
40 103 103 103 163 120 113 113 
40 101 101 101 162 121 113 113 
161 119 112 112 38 98 112 112 
41 101 105 105 162 122 112 112 
41 101 103 103 160 121 112 112 
50 103 114 114 167 119 112 112 
44 101 112 112 178 115 107 107 
43 99 116 116 189 114 101 101 
190 108 96 96 41 100 107 107 
31 102 103 103 184 108 102 102 
34 105 101 101 185 108 103 103 
34 105 105 105 189 106 100 100 
183 94 98 98 40 103 107 107 
36 101 113 113 186 106 98 98 
38 102 106 106 184 110 102 102 
188 110 101 101 35 102 108 108 
159 124 116 116 31 100 110 110 
173 131 104 104 34 102 107 107 
159 124 111 111 34 103 107 107 
36 102 106 106 160 123 113 113 
162 123 112 112 41 106 102 102 
35 101 110 110 161 112 105 105 
37 102 103 103 164 104 106 106 
205 74 93 93 42 99 113 113 
196 92 100 100 31 103 109 109 
31 104 108 108 178 124 106 106 
29 104 106 106 180 129 105 105 
33 100 101 101 178 122 110 110 
28 98 107 107 179 122 110 110 
25 101 105 105 171 123 110 110 
176 124 107 107 28 94 105 105 
170 99 106 106 30 94 103 103 
32 99 106 106 167 116 102 102 
141 116 116 116 27 100 106 106 
145 102 110 110 28 98 103 103 
27 99 105 105 146 103 102 102 
29 99 108 108 146 106 103 103 
31 98 111 111 148 105 101 101 
30 98 110 110 147 103 101 101 
31 98 110 110 148 102 98 98 
31 99 106 106 150 103 99 99 
29 98 108 108 150 101 101 101 
29 97 108 108 149 102 100 100 
31 97 109 109 151 101 100 100 
149 100 102 102 33 97 105 105 
29 97 109 109 151 103 100 100 
31 98 107 107 150 101 102 102 
28 97 110 110 152 101 104 104 
30 99 105 105 154 103 102 102 
157 102 100 100 25 96 110 110 
31 100 103 103 154 100 100 100 
28 97 111 111 158 104 100 100 
31 101 105 105 166 104 101 101 
34 104 98 98 169 105 99 99 
33 103 101 101 162 102 101 101 
28 99 108 108 165 98 101 101 
27 97 113 113 168 100 102 102 
157 102 100 100 33 104 103 103 
26 97 112 112 158 106 99 99 
34 104 103 103 157 107 104 104 
30 98 112 112 158 106 102 102 
28 101 107 107 168 101 100 100 
173 86 94 94 33 103 106 106 
172 93 99 99 33 97 107 107 
36 108 114 114 190 100 99 99 
185 102 100 100 33 110 104 104 
26 107 108 108 178 106 101 101 
23 109 108 108 169 103 104 104 
167 102 106 106 26 106 113 113 
26 105 115 115 180 90 99 99 
28 106 110 110 177 88 94 94 
186 87 96 96 32 106 107 107 
26 109 108 108 181 84 101 101 
194 92 95 95 30 109 109 109 
32 108 108 108 194 92 94 94 
38 102 120 120 185 102 101 101 
44 110 116 116 176 127 104 104 
39 109 117 117 177 98 102 102 
41 112 111 111 181 102 103 103 
41 108 111 111 156 107 111 111 
52 105 104 104 163 106 104 104 
160 106 107 107 52 116 104 104 
39 108 115 115 169 110 101 101 
179 103 93 93 42 108 116 116 
173 104 103 103 43 110 105 105 
177 104 101 101 36 114 116 116 
42 106 116 116 171 105 103 103 
39 111 108 108 168 111 102 102 
39 110 103 103 163 107 105 105 
36 109 110 110 168 110 105 105 
36 110 106 106 164 106 106 106 
40 112 100 100 167 112 102 102 
38 111 104 104 167 111 104 104 
40 108 110 110 164 113 106 106 
39 109 109 109 163 112 106 106 
37 109 111 111 166 114 104 104 
36 108 113 113 166 115 102 102 
37 110 109 109 166 112 105 105 
32 107 114 114 167 113 104 104 
36 108 110 110 163 112 108 108 
36 110 109 109 166 113 107 107 
36 109 109 109 163 115 104 104 
33 112 103 103 159 109 109 109 
32 110 107 107 166 115 103 103 
31 108 112 112 166 115 101 101 
33 109 109 109 165 116 102 102 
35 108 110 110 167 110 102 102 
35 110 106 106 165 109 106 106 
35 113 107 107 157 111 107 107 
38 113 106 106 167 116 102 102 
39 113 104 104 165 114 103 103 
41 114 101 101 159 114 105 105 
39 112 105 105 154 115 106 106 
36 110 105 105 162 115 106 106 
37 109 109 109 165 117 101 101 
39 109 108 108 165 117 100 100 
168 118 101 101 36 111 106 106 
36 110 112 112 167 113 102 102 
51 103 101 101 192 108 100 100 
49 105 102 102 196 121 103 103 
197 121 103 103 50 102 109 109 
192 119 100 100 46 104 99 99 
46 107 97 97 194 120 101 101 
46 108 98 98 190 120 101 101 
191 116 102 102 43 105 109 109 
187 115 105 105 45 106 106 106 
192 117 98 98 43 107 107 107 
47 107 103 103 188 116 100 100 
39 110 112 112 192 112 101 101 
38 87 102 102 176 109 101 101 
177 124 101 101 38 103 104 104 
177 114 104 104 30 102 108 108 
28 99 109 109 172 117 105 105 
174 91 100 100 28 107 109 109 
147 121 107 107 15 105 113 113 
18 106 103 103 139 112 111 111 
13 103 110 110 138 111 116 116 
159 92 106 106 15 104 109 109 
16 105 106 106 138 86 121 121 
167 79 106 106 28 106 113 113 
169 91 105 105 20 107 115 115 
26 111 106 106 148 105 117 117 
23 106 114 114 159 107 110 110 
23 110 110 110 181 97 103 103 
194 95 100 100 23 104 114 114 
29 106 114 114 204 93 100 100 
154 122 116 116 27 111 104 104 
153 125 113 113 25 109 107 107 
155 115 111 111 20 104 117 117 
148 113 114 114 23 108 103 103 
24 107 107 107 144 104 120 120 
152 107 117 117 25 117 114 114 
33 112 106 106 158 101 113 113 
22 107 116 116 148 99 123 123 
22 108 112 112 150 106 115 115 
22 106 115 115 148 104 117 117 
27 107 112 112 150 108 116 116 
23 101 113 113 147 107 117 117 
23 108 111 111 158 108 113 113 
24 107 103 103 154 103 119 119 
25 106 108 108 157 100 120 120 
25 104 108 108 153 104 120 120 
25 104 112 112 157 108 114 114 
23 104 108 108 152 108 116 116 
22 103 109 109 149 103 124 124 
26 103 107 107 154 107 116 116 
25 105 105 105 155 109 114 114 
24 98 109 109 159 111 109 109 
25 101 104 104 150 104 120 120 
26 103 100 100 156 107 114 114 
24 99 110 110 151 107 116 116 
24 100 110 110 152 106 120 120 
22 99 114 114 158 109 113 113 
23 100 109 109 157 112 109 109 
26 103 107 107 157 113 109 109 
24 100 114 114 157 108 111 111 
27 101 108 108 160 108 109 109 
32 106 98 98 160 110 108 108 
26 104 106 106 160 112 108 108 
25 101 109 109 161 111 108 108 
23 103 111 111 174 102 104 104 
26 100 111 111 188 99 112 112 
29 101 106 106 178 100 111 111 
25 103 104 104 158 117 113 113 
19 105 102 102 146 117 116 116 
22 106 102 102 157 117 116 116 
165 119 109 109 21 106 106 106 
153 118 116 116 20 110 101 101 
18 105 108 108 155 115 116 116 
166 109 113 113 19 107 106 106 
22 107 106 106 156 88 122 122 
173 44 140 140 21 89 106 106 
199 101 107 107 56 110 120 120 
199 103 103 103 55 110 116 116 
46 108 119 119 192 103 110 110 
191 120 107 107 45 90 132 132 
179 117 116 116 47 97 129 129 
179 114 112 112 48 100 128 128 
181 116 106 106 48 103 125 125 
185 118 102 102 43 98 131 131 
181 121 104 104 44 99 129 129 
51 108 114 114 184 125 103 103 
43 111 120 120 184 122 106 106 
175 122 111 111 44 98 127 127 
47 119 116 116 182 122 107 107 
181 114 105 105 29 94 122 122 
180 119 111 111 26 92 131 131 
186 120 108 108 39 97 127 127 
176 124 111 111 27 92 136 136 
38 98 129 129 173 121 116 116 
175 122 116 116 33 98 128 128 
178 114 112 112 35 102 124 124 
177 115 116 116 38 98 131 131 
177 115 116 116 38 98 131 131 
33 105 124 124 179 122 110 110 
37 109 120 120 177 121 114 114 
39 106 124 124 177 119 114 114 
175 121 114 114 38 108 122 122 
34 105 128 128 175 122 114 114 
40 107 124 124 180 125 109 109 
178 118 114 114 33 91 137 137 
178 121 112 112 38 98 131 131 
182 122 111 111 38 96 129 129 
41 99 127 127 182 124 110 110 
41 107 122 122 179 122 111 111 
178 121 111 111 39 100 127 127 
182 126 108 108 41 104 122 122 
32 100 129 129 190 130 104 104 
187 119 113 113 35 97 125 125 
186 126 106 106 30 98 129 129 
187 126 106 106 29 98 130 130 
40 104 122 122 185 122 110 110 
187 125 107 107 44 112 120 120 
37 108 124 124 188 123 107 107 
186 118 111 111 29 101 126 126 
48 84 126 126 206 111 101 101 
183 123 106 106 28 90 128 128 
186 117 105 105 34 91 130 130 
190 118 106 106 37 87 126 126 
189 112 109 109 31 92 128 128 
195 120 103 103 32 93 130 130 
192 121 101 101 32 91 132 132 
187 118 111 111 37 97 128 128 
191 124 102 102 36 99 126 126 
189 121 107 107 36 97 128 128 
188 122 107 107 39 101 121 121 
189 123 111 111 36 95 127 127 
185 129 103 103 36 97 128 128 
34 101 130 130 183 128 106 106 
188 129 102 102 36 98 132 132 
177 121 116 116 36 98 131 131 
187 130 105 105 37 100 124 124 
185 133 104 104 31 98 127 127 
182 130 107 107 29 96 135 135 
32 97 129 129 186 132 104 104 
181 129 107 107 36 98 126 126 
181 124 113 113 35 101 129 129 
179 128 110 110 35 99 128 128 
183 126 109 109 29 94 138 138 
201 119 106 106 32 76 126 126 
33 27 127 127 202 78 111 111 
174 70 128 128 28 25 128 128 
22 19 135 135 184 74 120 120 
24 26 127 127 190 77 123 123 
23 25 135 135 200 79 109 109 
27 27 127 127 170 80 135 135 
24 27 129 129 182 85 127 127 
23 26 132 132 173 86 132 132 
34 25 132 132 197 81 114 114 
30 27 131 131 203 90 109 109 
27 27 127 127 184 103 124 124 
38 29 134 134 172 93 141 141 
34 25 136 136 172 96 135 135 
34 28 130 130 173 72 131 131 
40 29 129 129 197 87 113 113 
36 30 128 128 184 87 125 125 
31 27 132 132 175 84 132 132 
35 29 128 128 176 85 132 132 
31 28 130 130 177 87 131 131 
26 25 135 135 176 86 136 136 
28 29 123 123 179 89 132 132 
26 24 131 131 176 86 132 132 
29 27 124 124 179 91 131 131 
28 26 127 127 178 88 133 133 
30 28 124 124 179 93 131 131 
28 28 127 127 182 89 128 128 
30 28 124 124 180 90 129 129 
26 25 128 128 178 84 129 129 
26 28 131 131 176 88 134 134 
28 29 124 124 182 96 121 121 
23 26 134 134 178 89 131 131 
17 90 125 125 196 104 116 116 
206 102 106 106 24 69 130 130 
196 93 116 116 24 79 134 134 
22 84 134 134 187 112 116 116 
193 118 116 116 20 83 133 133 
196 118 116 116 25 82 138 138 
187 120 113 113 28 92 130 130 
189 117 112 112 27 90 134 134 
183 116 114 114 29 89 137 137 
32 91 133 133 177 116 116 116 
185 114 116 116 30 92 136 136 
187 122 116 116 30 91 132 132 
178 124 116 116 23 88 134 134 
181 120 112 112 28 92 126 126 
27 97 128 128 174 115 116 116 
179 117 116 116 28 97 126 126 
176 119 116 116 27 89 136 136 
180 116 114 114 28 91 130 130 
28 92 133 133 181 115 116 116 
177 120 116 116 30 89 134 134 
175 119 116 116 28 90 135 135 
32 94 129 129 181 120 116 116 
31 93 132 132 186 114 116 116 
36 94 123 123 190 115 114 114 
30 95 127 127 206 101 105 105 
25 99 123 123 195 110 113 113 
191 120 108 108 26 94 130 130 
194 117 107 107 27 91 135 135 
194 119 106 106 27 96 129 129 
187 115 112 112 29 95 130 130 
186 115 115 115 30 95 127 127 
191 114 114 114 27 94 131 131 

0 0 0 0 0 0 0 0 
359 77 255 255 176 83 183 183 
0 0 0 0 0 0 0 0 
285 139 255 255 83 157 210 210 
0 0 0 0 0 0 0 0 
0 0 0 0 0 0 0 0 
300 100 234 234 68 180 186 186 
279 164 222 222 33 202 203 203 
0 0 0 0 0 0 0 0 
81 165 223 223 344 165 166 166 
0 0 0 0 0 0 0 0 
62 167 213 213 337 165 183 183 
374 139 243 243 118 192 197 197 
0 0 0 0 0 0 0 0 
0 0 0 0 0 0 0 0 
77 96 222 222 348 53 234 234 
331 54 234 234 90 118 208 208 
250 129 249 249 33 187 202 202 
0 0 0 0 0 0 0 0 
382 138 163 163 156 152 197 197 
68 166 204 204 251 142 268 268 
329 130 218 218 33 180 250 250 
288 120 235 235 84 182 175 175 
0 0 0 0 0 0 0 0 
268 141 293 293 29 216 213 213 
0 0 0 0 0 0 0 0 
285 72 256 256 80 87 218 218 
0 0 0 0 0 0 0 0 
0 0 0 0 0 0 0 0 
298 106 239 239 81 182 181 181 
311 124 231 231 45 192 206 206 
374 146 162 162 184 149 214 214 
286 150 235 235 41 195 191 191 
0 0 0 0 0 0 0 0 
47 68 198 198 239 156 290 290 41 379 66 66 
0 0 0 0 0 0 0 0 
0 0 0 0 0 0 0 0 
0 0 0 0 0 0 0 0 
324 145 172 172 69 159 211 211 
284 137 219 219 40 183 208 208 
278 132 243 243 37 192 212 212 
358 156 172 172 70 164 217 217 
289 161 239 239 38 182 197 197 
0 0 0 0 0 0 0 0 
0 0 0 0 0 0 0 0 
0 0 0 0 0 0 0 0 
31 174 201 201 298 125 256 256 
291 163 243 243 40 189 217 217 
74 84 216 216 266 63 263 263 
221 151 293 293 77 169 198 198 
99 180 220 220 273 111 263 263 
293 144 215 215 19 178 216 216 
350 109 250 250 91 155 198 198 
297 97 234 234 80 175 185 185 
290 141 222 222 33 177 189 189 
151 174 221 221 371 112 255 255 
296 147 228 228 21 193 208 208 
286 152 223 223 90 169 175 175 
326 156 217 217 60 189 234 234 
30 191 202 202 293 190 242 242 
81 156 217 217 354 150 188 188 
14 181 235 235 326 164 211 211 
295 119 237 237 94 174 187 187 
247 128 219 219 37 211 178 178 
74 164 217 217 300 135 179 179 
242 157 232 232 9 197 196 196 
17 179 234 234 332 164 202 202 
269 179 221 221 23 211 206 206 
300 143 215 215 14 179 221 221 
87 182 223 223 378 187 181 181 
343 149 193 193 56 159 211 211 
260 80 255 255 87 111 187 187 
78 159 213 213 265 145 268 268 
0 0 0 0 0 0 0 0 
81 172 220 220 341 152 176 176 
35 208 209 209 307 210 226 226 
339 112 243 243 106 152 197 197 
119 187 216 216 352 106 270 270 
331 51 232 232 90 98 169 169 
60 170 217 217 348 159 171 171 
0 0 0 0 0 0 0 0 
290 110 245 245 107 158 184 184 
277 144 230 230 45 198 193 193 
269 144 249 249 49 191 189 189 
322 133 173 173 76 166 222 222 
87 72 205 205 361 56 250 250 
250 130 249 249 9 190 196 196 
0 0 0 0 0 0 0 0 
0 0 0 0 0 0 0 0 
300 151 235 235 68 191 187 187 
301 120 262 262 71 145 193 193 
64 163 204 204 343 145 197 197 
276 148 222 222 31 188 185 185 
343 144 220 220 39 195 255 255 
234 136 280 280 80 164 209 209 
21 179 230 230 325 164 203 203 
284 141 248 248 29 186 214 214 
268 150 238 238 37 193 213 213 
301 107 242 242 81 181 184 184 
240 162 250 250 19 223 195 195 
0 0 0 0 0 0 0 0 
77 82 197 197 271 129 277 277 
219 73 245 245 76 156 180 180 
0 0 0 0 0 0 0 0 
346 114 217 217 63 155 175 175 
232 84 263 263 
24 179 197 197 246 117 255 255 
281 168 247 247 34 198 188 188 
280 140 237 237 38 204 196 196 
0 0 0 0 0 0 0 0 
0 0 0 0 0 0 0 0 
271 168 220 220 34 198 214 214 
349 154 172 172 104 160 198 198 
0 0 0 0 0 0 0 0 
27 192 201 201 282 187 250 250 
305 130 165 165 96 166 220 220 
0 0 0 0 0 0 0 0 
78 80 213 213 285 139 280 280 
284 102 286 286 36 168 214 214 
54 185 202 202 294 147 223 223 
34 170 238 238 307 136 227 227 
279 123 255 255 38 174 208 208 
261 105 226 226 86 108 169 169 
0 0 0 0 0 0 0 0 
319 134 220 220 20 216 226 226 
280 147 255 255 60 148 203 203 
0 0 0 0 0 0 0 0 
309 133 174 174 94 162 220 220 
405 111 218 218 155 169 179 179 
340 183 264 264 136 240 211 211 
46 180 205 205 270 156 231 231 
67 73 215 215 291 63 263 263 
0 0 0 0 0 0 0 0 
0 0 0 0 0 0 0 0 
0 0 0 0 0 0 0 0 
367 130 160 160 84 159 212 212 
53 101 213 213 286 80 255 255 
357 144 176 176 80 154 220 220 
0 0 0 0 0 0 0 0 
317 88 226 226 57 152 185 185 
297 114 255 255 42 169 209 209 
0 0 0 0 0 0 0 0 
62 181 217 217 357 170 169 169 
0 0 0 0 0 0 0 0 
61 150 211 211 310 116 257 257 
30 178 220 220 339 160 213 213 
61 166 215 215 337 163 186 186 
291 135 213 213 42 162 203 203 
314 150 201 201 68 172 184 184 
95 70 214 214 264 122 291 291 
77 140 189 189 296 127 268 268 
249 102 270 270 77 118 180 180 
0 0 0 0 0 0 0 0 
50 169 211 211 272 121 280 280 
368 139 249 249 70 190 200 200 
44 85 212 212 275 56 269 269 
0 0 0 0 0 0 0 0 
0 0 0 0 0 0 0 0 
0 0 0 0 0 0 0 0 
21 75 186 186 254 142 285 285 
375 160 248 248 90 183 242 242 
0 0 0 0 0 0 0 0 
0 0 0 0 0 0 0 0 
0 0 0 0 0 0 0 0 
0 0 0 0 0 0 0 0 
0 0 0 0 0 0 0 0 
283 140 255 255 62 166 197 197 
0 0 0 0 0 0 0 0 
73 165 219 219 351 156 177 177 
272 123 277 277 46 177 197 197 
0 0 0 0 0 0 0 0 
0 0 0 0 0 0 0 0 
332 140 180 180 78 164 218 218 
429 140 193 193 85 198 176 176 
295 130 174 174 87 167 222 222 
87 166 214 214 292 131 175 175 
257 177 254 254 24 194 223 223 
286 117 293 293 37 251 203 203 
0 0 0 0 0 0 0 0 
243 98 266 266 78 118 174 174 
0 0 0 0 0 0 0 0 
47 179 220 220 297 166 258 258 
90 165 215 215 352 165 164 164 
346 153 248 248 141 194 201 201 
50 171 227 227 280 138 241 241 
70 91 198 198 62 390 69 69 
0 0 0 0 0 0 0 0 
27 177 216 216 300 92 283 283 211 165 151 151 
300 122 221 221 24 193 198 198 
339 144 199 199 58 160 215 215 
17 181 221 221 319 153 221 221 
114 164 198 198 345 166 178 178 
245 163 253 253 20 224 187 187 
57 190 195 195 293 135 231 231 
78 159 211 211 346 147 192 192 
287 142 239 239 34 191 188 188 
0 0 0 0 0 0 0 0 
50 191 186 186 283 136 234 234 
283 175 231 231 30 198 196 196 
28 179 227 227 227 173 278 278 
0 0 0 0 0 0 0 0 
318 150 219 219 18 201 245 245 
332 126 247 247 83 154 194 194 
290 56 255 255 85 122 204 204 
361 147 232 232 132 238 196 196 
306 68 246 246 98 126 196 196 
346 151 177 177 99 168 198 198 
0 0 0 0 0 0 0 0 
304 145 199 199 56 156 217 217 
0 0 0 0 0 0 0 0 
0 0 0 0 0 0 0 0 
430 141 186 186 58 202 192 192 
294 115 274 274 68 146 211 211 
321 142 172 172 90 162 219 219 
282 157 231 231 46 188 206 206 
31 181 206 206 254 177 222 222 
314 72 233 233 92 129 196 196 
0 0 0 0 0 0 0 0 
0 0 0 0 0 0 0 0 
90 87 219 219 282 69 245 245 
75 174 220 220 348 175 172 172 
66 86 190 190 285 117 255 255 
358 144 148 148 87 172 216 216 
357 61 240 240 65 96 209 209 
0 0 0 0 0 0 0 0 
339 157 172 172 73 167 215 215 
292 173 234 234 25 195 207 207 
297 131 176 176 79 162 214 214 
356 156 243 243 137 201 203 203 
270 90 255 255 47 235 197 197 
267 164 223 223 33 195 210 210 
277 139 255 255 46 192 201 201 
262 132 223 223 39 189 199 199 
278 162 231 231 37 177 197 197 
246 151 270 270 20 184 214 214 
300 128 179 179 80 162 221 221 
343 126 197 197 38 225 237 237 
0 0 0 0 0 0 0 0 
298 104 244 244 84 169 192 192 
291 111 226 226 35 212 196 196 
325 85 232 232 77 111 209 209 
87 77 207 207 266 127 287 287 
81 166 215 215 327 151 176 176 
286 118 255 255 40 170 211 211 
284 153 233 233 26 204 208 208 
0 0 0 0 0 0 0 0 
0 0 0 0 0 0 0 0 
125 184 213 213 338 192 255 255 
338 124 203 203 42 186 263 263 
91 154 223 223 344 163 171 171 
0 0 0 0 0 0 0 0 
0 0 0 0 0 0 0 0 
77 87 210 210 250 149 278 278 63 391 67 67 
230 123 284 284 90 84 177 177 
43 180 215 215 286 158 221 221 
284 142 252 252 53 199 198 198 
345 149 181 181 123 165 190 190 
280 133 243 243 47 193 180 180 
0 0 0 0 0 0 0 0 
0 0 0 0 0 0 0 0 
0 0 0 0 0 0 0 0 
249 163 280 280 21 210 209 209 
288 126 255 255 44 170 204 204 
373 59 228 228 86 146 218 218 
74 90 220 220 268 68 272 272 
0 0 0 0 0 0 0 0 
54 160 206 206 332 159 192 192 
0 0 0 0 0 0 0 0 
44 188 213 213 296 138 241 241 
0 0 0 0 0 0 0 0 
235 120 255 255 35 214 204 204 
308 84 235 235 81 114 210 210 
0 0 0 0 0 0 0 0 
367 152 173 173 117 173 187 187 
341 157 185 185 54 160 206 206 
66 89 201 201 262 132 276 276 
25 172 214 214 296 119 255 255 
0 0 0 0 0 0 0 0 
64 165 220 220 330 110 181 181 
0 0 0 0 0 0 0 0 
350 65 203 203 53 238 204 204 
0 0 0 0 0 0 0 0 
417 138 196 196 32 209 186 186 
0 0 0 0 0 0 0 0 
74 84 205 205 238 125 300 300 
84 90 211 211 282 63 247 247 
0 0 0 0 0 0 0 0 
0 0 0 0 0 0 0 0 
334 143 173 173 95 168 217 217 
349 114 235 235 84 146 200 200 
315 134 224 224 33 224 196 196 
0 0 0 0 0 0 0 0  
327 137 209 209 14 176 237 237 
0 0 0 0 0 0 0 0 
0 0 0 0 0 0 0 0 
0 0 0 0 0 0 0 0 
56 158 203 203 301 133 273 273 214 169 142 142 
22 167 216 216 329 141 219 219 
0 0 0 0 0 0 0 0 
0 0 0 0 0 0 0 0 
226 94 255 255 84 112 188 188 
307 140 171 171 72 157 218 218 
177 150 214 214 369 148 160 160 
