16 75 101 101 197 86 116 116 
17 76 98 98 188 86 126 126 
187 85 122 122 12 78 102 102 
15 76 99 99 187 82 123 123 
175 86 134 134 16 76 98 98 
14 76 101 101 179 86 127 127 
16 74 101 101 178 83 128 128 
16 72 104 104 175 73 134 134 
18 73 99 99 185 82 123 123 
17 73 98 98 194 74 116 116 
16 74 100 100 197 75 116 116 
10 76 98 98 199 78 113 113 
218 88 97 97 12 76 97 97 
227 91 89 89 12 75 99 99 
13 75 98 98 215 85 97 97 209 77 98 98 3 85 89 89 
199 62 97 97 4 82 89 89 
6 82 89 89 207 60 90 90 
209 70 92 92 2 69 69 69 
3 73 67 67 204 67 94 94 
4 76 86 86 218 77 79 79 
247 101 68 68 7 85 92 92 
242 101 72 72 13 83 91 91 
211 77 84 84 18 82 95 95 
14 80 87 87 222 80 86 86 
230 85 81 81 10 76 96 96 
12 79 91 91 228 86 82 82 
212 86 85 85 18 82 92 92 
218 85 85 85 23 81 89 89 
30 83 92 92 217 84 88 88 
21 81 93 93 198 84 88 88 
213 86 93 93 17 81 91 91 
213 94 79 79 36 84 86 86 
224 91 78 78 33 85 87 87 
207 82 83 83 19 87 92 92 
223 91 82 82 18 84 116 116 
213 91 80 80 4 85 89 89 
212 91 77 77 39 92 92 92 
247 101 69 69 41 86 97 97 
20 88 93 93 243 106 66 66 
5 92 89 89 237 100 75 75 
235 97 77 77 9 85 89 89 
4 91 79 79 231 93 81 81 
199 85 90 90 8 89 94 94 
211 86 88 88 7 91 89 89 
213 84 90 90 3 90 89 89 
18 77 79 79 223 76 91 91 
9 87 90 90 226 77 89 89 
10 87 93 93 245 85 70 70 
10 89 89 89 241 88 74 74 
232 86 80 80 4 91 86 86 
232 78 85 85 7 93 92 92 
225 83 87 87 5 89 89 89 
5 97 79 79 238 93 78 78 
231 93 81 81 8 93 95 95 
27 79 84 84 226 92 85 85 
8 89 95 95 230 93 82 82 
229 94 82 82 8 93 95 95 
9 95 97 97 227 92 85 85 
3 117 89 89 212 87 79 79 
18 78 87 87 234 93 74 74 
228 88 89 89 4 96 89 89 
227 90 86 86 11 96 99 99 
4 105 89 89 225 77 89 89 
11 84 94 94 233 88 81 81 
224 80 88 88 17 85 87 87 
12 83 90 90 227 88 89 89 
222 88 91 91 15 85 100 100 
13 87 86 86 204 83 100 100 
212 82 96 96 14 87 96 96 
214 82 94 94 17 90 93 93 
204 87 95 95 18 88 94 94 
27 93 93 93 203 80 97 97 
23 93 99 99 207 81 98 98 
13 92 86 86 207 81 97 97 
14 97 84 84 221 86 84 84 
210 83 95 95 37 98 83 83 
215 89 89 89 34 102 87 87 
21 103 100 100 214 84 92 92 
40 110 90 90 207 87 91 91 
22 103 96 96 214 84 82 82 
36 102 91 91 208 85 81 81 
18 102 87 87 223 82 88 88 
21 97 91 91 226 81 89 89 
15 102 91 91 226 83 87 87 
230 86 84 84 26 54 77 77 
21 56 76 76 222 80 89 89 
12 60 78 78 223 89 91 91 
8 66 82 82 232 87 84 84 
6 71 74 74 227 85 89 89 
8 73 80 80 223 70 85 85 
214 75 83 83 9 74 83 83 
216 76 82 82 7 75 81 81 
22 84 101 101 214 78 83 83 
26 87 97 97 218 80 81 81 
217 79 83 83 22 83 104 104 
218 81 81 81 24 84 102 102 
216 80 84 84 20 82 101 101 
21 71 85 85 216 80 85 85 
8 79 83 83 219 79 80 80 
10 78 88 88 223 85 82 82 
221 86 83 83 16 79 93 93 
16 69 91 91 222 88 76 76 
225 99 81 81 20 83 102 102 
203 84 96 96 31 86 93 93 
219 102 85 85 7 72 112 112 
218 96 91 91 37 104 80 80 
18 70 89 89 225 99 85 85 
21 70 97 97 228 101 84 84 
220 100 87 87 26 94 94 94 
33 90 99 99 224 106 85 85 
14 79 79 79 224 72 89 89 
223 72 87 87 15 80 82 82 
210 76 88 88 12 85 89 89 
220 76 87 87 14 83 90 90 
6 106 84 84 227 78 89 89 
12 49 87 87 227 81 89 89 
220 74 85 85 13 47 86 86 
21 42 98 98 223 80 83 83 
13 41 92 92 227 75 89 89 
17 38 100 100 224 75 83 83 
34 76 83 83 227 79 89 89 
16 78 91 91 212 76 85 85 
211 76 86 86 24 79 88 88 
19 82 87 87 209 78 84 84 
18 82 82 82 204 77 85 85 
22 92 86 86 207 78 84 84 
18 87 83 83 208 75 86 86 
16 86 89 89 224 79 87 87 
225 74 85 85 27 88 81 81 
22 80 84 84 215 79 85 85 
24 76 76 76 205 79 87 87 
215 81 88 88 15 80 82 82 
31 86 84 84 224 82 89 89 
205 82 81 81 21 88 90 90 
219 76 86 86 17 86 86 86 
205 80 81 81 22 87 87 87 
16 50 82 82 230 82 84 84 
14 51 82 82 219 77 87 87 
13 50 82 82 229 82 86 86 
14 58 81 81 225 68 86 86 
13 52 75 75 221 78 89 89 
9 51 85 85 227 80 87 87 
17 50 96 96 231 80 82 82 
3 52 69 69 218 77 89 89 
14 54 98 98 222 77 90 90 
207 72 90 90 8 80 83 83 
13 75 95 95 210 71 89 89 
13 82 80 80 218 75 87 87 
10 84 82 82 201 77 93 93 
15 82 92 92 211 81 85 85 
13 84 87 87 226 82 86 86 
11 79 93 93 227 81 89 89 
12 82 83 83 227 81 89 89 
8 85 79 79 228 81 89 89 
7 89 83 83 229 85 85 85 
215 87 91 91 4 90 85 85 
3 70 86 86 231 85 79 79 
225 90 53 53 34 90 82 82 
30 92 78 78 175 67 135 135 
31 92 79 79 167 65 143 143 
31 93 78 78 154 62 152 152 
34 92 81 81 156 70 140 140 
33 96 79 79 147 66 146 146 
39 95 79 79 145 62 145 145 
42 100 77 77 138 59 146 146 
56 91 83 83 141 57 144 144 
37 98 73 73 121 55 161 161 
36 90 73 73 119 51 167 167 
44 106 65 65 139 77 151 151 
46 107 71 71 148 85 146 146 
47 107 65 65 149 80 151 151 
42 108 69 69 144 59 161 161 
47 105 64 64 154 52 155 155 
49 107 64 64 153 50 156 156 
48 107 63 63 161 47 149 149 
163 39 147 147 36 107 62 62 
165 43 144 144 36 107 62 62 
167 44 143 143 38 108 63 63 
165 42 148 148 42 107 68 68 
42 110 63 63 164 40 146 146 
42 109 65 65 199 40 109 109 
181 39 126 126 42 109 65 65 
44 109 64 64 188 42 122 122 
44 108 64 64 183 41 125 125 
188 45 120 120 44 107 66 66 
44 106 68 68 196 39 114 114 
45 109 67 67 195 40 116 116 
47 110 66 66 196 40 116 116 
47 110 69 69 195 41 116 116 
48 110 66 66 193 39 116 116 
49 107 64 64 192 40 118 118 
46 109 69 69 165 30 151 151 
46 107 72 72 169 37 144 144 
169 36 144 144 47 109 68 68 
48 109 69 69 171 37 140 140 
48 110 67 67 170 39 144 144 
170 53 142 142 48 110 67 67 
169 52 144 144 40 107 67 67 
35 110 64 64 202 48 112 112 
200 49 116 116 38 110 64 64 
40 108 68 68 202 49 114 114 
43 108 69 69 205 49 101 101 
220 67 94 94 44 107 66 66 
20 20 132 132 239 89 76 76 
12 17 128 128 221 84 85 85 
13 9 116 116 232 89 80 80 
6 10 114 114 230 91 84 84 
68 26 137 137 232 80 85 85 
64 11 129 129 228 74 89 89 
56 11 134 134 237 82 79 79 
53 9 135 135 229 75 89 89 
56 8 131 131 233 78 82 82 
7 16 131 131 240 84 76 76 
12 8 142 142 240 86 77 77 
3 9 116 116 228 85 83 83 
2 44 116 116 226 84 86 86 
4 33 125 125 226 85 86 86 
4 26 147 147 220 81 90 90 
14 31 141 141 227 86 85 85 
4 59 112 112 228 78 87 87 
7 32 118 118 229 78 87 87 
3 37 151 151 234 80 82 82 
225 75 89 89 12 49 138 138 
5 43 151 151 225 76 89 89 
7 48 151 151 231 80 84 84 
4 50 151 151 213 95 75 75 
8 51 148 148 222 91 80 80 
213 91 81 81 26 52 156 156 
214 92 80 80 18 58 156 156 
214 90 78 78 21 51 164 164 
20 48 152 152 220 91 81 81 
221 93 80 80 18 51 154 154 
222 89 82 82 16 46 165 165 
221 90 80 80 7 57 116 116 
10 53 128 128 224 88 82 82 
5 56 113 113 226 87 83 83 
230 86 84 84 9 51 116 116 
228 84 85 85 4 63 151 151 
231 83 82 82 6 69 129 129 
14 58 131 131 228 80 83 83 
210 75 88 88 13 58 125 125 
12 55 124 124 214 84 92 92 
7 71 122 122 227 84 83 83 
6 68 121 121 227 80 85 85 
11 91 96 96 228 84 89 89 
27 83 100 100 232 85 84 84 
19 90 98 98 223 80 87 87 
16 93 100 100 224 82 89 89 
16 93 100 100 215 97 92 92 
20 93 103 103 203 89 86 86 
223 100 87 87 21 93 103 103 
20 90 99 99 225 106 83 83 
24 95 104 104 215 99 92 92 
20 88 103 103 220 100 88 88 
35 102 105 105 215 101 91 91 
218 84 90 90 30 91 106 106 
218 100 92 92 53 90 101 101 
219 99 90 90 46 95 107 107 
221 79 91 91 39 96 107 107 
24 96 101 101 226 98 85 85 
30 104 106 106 208 86 86 86 
225 97 85 85 22 91 108 108 
34 83 104 104 224 95 88 88 
228 84 88 88 28 94 105 105 
13 94 101 101 228 86 89 89 
17 90 100 100 229 86 89 89 
229 85 86 86 12 93 106 106 
23 93 102 102 213 80 93 93 
34 89 96 96 199 82 89 89 
213 82 85 85 23 90 99 99 
201 73 89 89 17 95 92 92 
13 93 92 92 217 79 87 87 
17 91 98 98 230 83 84 84 
15 98 99 99 231 86 83 83 
17 95 98 98 209 81 97 97 
204 84 94 94 19 98 105 105 
207 84 85 85 15 87 95 95 
201 84 86 86 21 90 97 97 
211 96 98 98 28 103 99 99 
17 102 98 98 209 95 98 98 
17 106 93 93 208 94 101 101 
36 87 98 98 218 102 92 92 
25 94 101 101 214 98 96 96 
15 99 102 102 221 102 89 89 
209 86 94 94 16 93 86 86 
15 91 91 91 224 93 89 89 
12 92 98 98 225 85 86 86 
207 101 98 98 14 106 98 98 
213 81 87 87 10 101 100 100 
12 94 95 95 212 80 91 91 
8 96 92 92 194 80 90 90 
201 78 89 89 10 97 92 92 
24 82 82 82 206 76 90 90 
204 78 93 93 22 85 88 88 
220 76 87 87 10 87 83 83 
208 77 95 95 9 86 87 87 
217 71 87 87 11 88 85 85 
225 79 85 85 10 89 82 82 
203 78 85 85 9 88 84 84 
223 79 86 86 14 87 95 95 
8 90 85 85 196 82 87 87 
208 80 85 85 12 89 92 92 
5 91 87 87 213 77 90 90 
207 78 84 84 5 93 88 88 
217 82 88 88 6 94 88 88 
190 84 86 86 8 96 96 96 
228 76 85 85 12 89 101 101 
223 87 86 86 17 92 96 96 
15 87 94 94 225 80 89 89 
201 80 87 87 16 95 97 97 
23 94 96 96 210 81 91 91 
11 90 101 101 224 81 87 87 
217 84 87 87 24 96 93 93 
228 82 83 83 11 95 99 99 
17 96 99 99 205 78 96 96 
201 79 92 92 8 98 94 94 
8 100 94 94 200 81 89 89 
9 98 96 96 218 83 82 82 
12 97 97 97 210 79 87 87 
198 82 88 88 11 100 91 91 
226 85 89 89 29 96 97 97 
213 94 94 94 40 102 92 92 
23 91 97 97 207 78 95 95 
21 94 93 93 224 93 89 89 
205 94 98 98 30 108 104 104 
28 102 101 101 204 94 96 96 
28 105 102 102 205 88 94 94 
37 94 94 94 196 81 98 98 
197 78 90 90 34 88 91 91 
16 89 92 92 200 76 95 95 
208 76 88 88 16 107 95 95 
203 81 98 98 13 104 100 100 
202 83 98 98 16 98 99 99 
7 88 101 101 215 71 98 98 
23 84 103 103 199 57 116 116 
219 72 88 88 11 82 92 92 
228 63 89 89 15 70 111 111 
14 71 94 94 223 69 89 89 
4 81 83 83 224 80 90 90 
225 75 89 89 5 85 82 82 
220 76 93 93 6 85 86 86 
2 100 69 69 213 74 97 97 
4 96 81 81 218 79 91 91 
222 80 91 91 6 93 94 94 
223 81 88 88 2 93 89 89 
224 80 90 90 3 103 69 69 
223 81 91 91 4 97 86 86 
223 81 88 88 3 97 94 94 
221 78 92 92 13 99 92 92 
217 79 94 94 2 95 89 89 
5 96 92 92 223 81 89 89 
228 85 86 86 15 94 94 94 
19 82 97 97 225 84 91 91 
25 82 96 96 211 78 99 99 
24 82 95 95 227 83 85 85 
227 82 88 88 3 94 89 89 
225 84 87 87 4 90 82 82 
3 96 69 69 232 91 80 80 
2 96 69 69 229 97 83 83 
223 92 89 89 2 79 89 89 
224 92 85 85 11 85 84 84 
215 88 92 92 10 92 87 87 
215 87 93 93 11 95 87 87 
8 97 85 85 214 87 93 93 
214 88 92 92 27 86 89 89 
215 87 93 93 28 84 89 89 
8 92 88 88 225 89 85 85 
5 94 82 82 219 89 89 89 
221 89 89 89 4 97 82 82 
5 100 80 80 225 92 86 86 
11 89 105 105 222 89 88 88 
216 88 91 91 12 90 96 96 
4 99 84 84 222 82 89 89 
6 98 90 90 221 90 91 91 
6 94 89 89 208 81 91 91 
222 85 88 88 11 95 91 91 
217 88 91 91 3 97 81 81 
6 96 82 82 220 87 88 88 
225 72 86 86 4 100 77 77 
217 76 93 93 9 96 96 96 
7 91 95 95 229 83 86 86 
216 79 95 95 12 94 101 101 
20 79 96 96 220 82 91 91 
228 77 87 87 5 91 89 89 
226 74 88 88 5 100 94 94 
10 99 94 94 228 76 89 89 
5 104 81 81 221 82 93 93 
4 103 87 87 226 88 88 88 
5 103 83 83 230 86 85 85 
4 100 89 89 230 87 86 86 
6 102 86 86 230 87 86 86 
198 72 98 98 6 105 86 86 
4 106 82 82 216 79 94 94 
229 79 87 87 4 100 85 85 
225 80 89 89 5 98 83 83 
229 81 87 87 5 105 82 82 
229 79 86 86 4 104 87 87 
6 102 83 83 227 82 89 89 
16 97 86 86 226 81 89 89 
7 93 94 94 225 79 89 89 
5 96 88 88 229 87 89 89 
9 97 93 93 228 86 89 89 
228 81 89 89 5 102 95 95 
220 85 93 93 3 103 89 89 
226 78 89 89 7 99 97 97 
4 98 89 89 226 78 89 89 
8 98 87 87 207 74 101 101 
8 108 75 75 212 80 97 97 
5 98 85 85 213 80 97 97 
218 82 93 93 33 83 84 84 
10 91 86 86 213 79 99 99 
10 90 94 94 214 80 97 97 
220 81 93 93 10 90 95 95 
10 90 94 94 219 81 95 95 
10 90 94 94 221 83 94 94 
11 90 94 94 222 82 92 92 
12 92 90 90 229 86 87 87 
226 77 89 89 11 92 90 90 
8 90 95 95 224 79 89 89 
216 78 95 95 10 92 87 87 
221 80 91 91 12 89 95 95 
228 83 86 86 11 86 95 95 
8 91 89 89 226 84 89 89 
224 83 91 91 4 93 95 95 
5 96 85 85 221 84 93 93 
222 88 91 91 6 99 81 81 
5 99 84 84 224 87 90 90 
6 98 87 87 222 86 90 90 
226 89 88 88 4 97 86 86 
225 79 88 88 19 90 93 93 
218 80 93 93 22 91 99 99 
218 80 90 90 24 81 96 96 
223 81 89 89 8 85 89 89 
5 91 84 84 226 81 89 89 
222 81 93 93 5 94 82 82 
6 96 84 84 222 83 90 90 
221 82 92 92 18 88 99 99 
207 83 101 101 21 85 93 93 
211 80 96 96 26 85 96 96 
7 88 90 90 220 84 92 92 
25 86 95 95 219 83 93 93 
224 72 89 89 21 82 100 100 
219 81 89 89 14 88 98 98 
7 95 90 90 211 77 97 97 
216 83 94 94 6 94 87 87 
4 96 89 89 222 85 92 92 
6 95 91 91 229 88 86 86 
9 92 92 92 230 88 85 85 
10 91 93 93 231 90 82 82 
211 77 94 94 3 100 81 81 
216 80 95 95 18 92 89 89 
4 94 95 95 221 83 93 93 
7 99 85 85 218 79 93 93 
5 102 82 82 218 77 94 94 
219 81 93 93 6 102 82 82 
217 74 92 92 7 101 85 85 
207 76 95 95 7 102 81 81 
196 76 98 98 10 101 85 85 
10 101 88 88 207 81 99 99 
10 100 88 88 195 81 93 93 
8 100 90 90 193 84 85 85 
221 75 91 91 7 99 95 95 
218 78 92 92 7 103 89 89 
28 97 96 96 212 81 98 98 
23 88 89 89 198 79 93 93 
13 97 92 92 195 85 94 94 
196 86 94 94 4 95 89 89 
1 98 89 89 181 71 107 107 
2 96 89 89 175 73 116 116 
8 97 92 92 174 66 116 116 
5 98 86 86 177 73 116 116 
8 98 94 94 195 73 109 109 
212 78 91 91 4 99 89 89 
6 95 91 91 196 78 94 94 
222 73 89 89 3 100 89 89 
3 101 72 72 221 85 92 92 
14 63 89 89 220 84 93 93 
216 87 96 96 4 69 81 81 
4 71 82 82 215 88 93 93 
3 72 84 84 221 84 92 92 
220 86 92 92 5 75 78 78 
4 73 81 81 210 82 101 101 
4 72 84 84 212 83 98 98 
212 84 98 98 6 74 79 79 
4 75 78 78 217 85 92 92 
7 76 82 82 215 81 95 95 
214 82 95 95 4 76 81 81 
211 81 99 99 5 75 86 86 
6 88 83 83 215 83 95 95 
4 89 77 77 211 82 99 99 
4 89 79 79 211 81 98 98 
5 90 81 81 213 82 95 95 
213 82 98 98 1 91 89 89 
208 81 101 101 1 91 89 89 
1 88 89 89 210 82 99 99 
209 83 100 100 5 90 78 78 
7 86 84 84 224 87 90 90 
6 86 84 84 216 93 96 96 
20 85 87 87 209 85 99 99 
22 89 90 90 212 86 96 96 
25 90 88 88 214 88 96 96 
210 84 99 99 24 92 88 88 
207 82 101 101 18 92 92 92 
214 84 95 95 17 92 90 90 
216 83 94 94 19 94 86 86 
19 94 89 89 222 86 91 91 
19 95 88 88 223 84 88 88 
18 95 92 92 219 82 91 91 
20 96 89 89 221 83 91 91 
19 96 89 89 219 82 92 92 
226 85 89 89 23 83 88 88 
14 92 87 87 226 86 89 89 
6 92 88 88 227 83 88 88 
229 84 86 86 13 92 87 87 
14 94 84 84 228 83 87 87 
13 93 89 89 225 86 89 89 
14 91 93 93 226 87 89 89 
12 90 93 93 223 86 89 89 
11 92 88 88 218 83 91 91 
11 91 92 92 220 85 90 90 
217 84 93 93 13 91 90 90 
10 92 94 94 215 81 95 95 
14 91 91 91 220 83 90 90 
11 99 88 88 217 83 94 94 
13 96 87 87 224 80 88 88 
10 96 90 90 226 85 89 89 
15 105 97 97 227 87 89 89 
14 91 98 98 227 88 89 89 
12 96 92 92 229 87 87 87 
15 92 95 95 228 87 87 87 
14 93 90 90 224 85 91 91 
10 93 92 92 226 92 89 89 
13 95 87 87 230 91 86 86 
229 90 86 86 12 97 85 85 
9 98 85 85 228 88 88 88 
228 87 88 88 10 93 91 91 
13 98 85 85 231 90 84 84 
8 106 83 83 228 89 86 86 
223 87 91 91 9 106 83 83 
12 101 84 84 230 89 86 86 
14 102 84 84 221 86 92 92 
12 103 83 83 217 86 94 94 
216 85 94 94 16 104 83 83 
14 100 86 86 215 86 97 97 
217 84 94 94 14 99 87 87 
14 99 88 88 217 86 94 94 
217 85 95 95 13 99 86 86 
221 84 92 92 12 100 85 85 
13 96 92 92 217 85 94 94 
16 97 87 87 216 85 94 94 
15 97 86 86 219 85 92 92 
219 84 93 93 14 96 88 88 
14 96 89 89 220 86 91 91 
215 85 95 95 14 96 89 89 
13 123 94 94 223 82 91 91 
10 102 94 94 221 85 91 91 
13 108 82 82 226 96 89 89 
13 99 86 86 229 102 89 89 
33 184 209 209 363 173 162 162 
48 113 167 167 410 179 163 163 
0 0 0 0 0 0 0 0 
409 164 213 213 38 207 178 178 
433 145 196 196 35 199 198 198 
339 113 238 238 46 191 176 176 
0 0 0 0 0 0 0 0 
423 149 190 190 31 211 186 186 
348 164 167 167 48 145 215 215 
415 187 175 175 21 212 176 176 
0 0 0 0 0 0 0 0 
0 0 0 0 0 0 0 0 
0 0 0 0 0 0 0 0 
0 0 0 0 0 0 0 0  
432 148 192 192 57 204 178 178 
365 130 248 248 50 210 174 174 
431 146 196 196 63 212 179 179 
0 0 0 0 0 0 0 0 
417 195 177 177 12 212 162 162 
415 187 158 158 35 210 175 175 
409 143 189 189 52 198 188 188 
408 176 169 169 10 198 196 196 
350 166 182 182 30 201 170 170 
403 164 178 178 44 192 167 167 
383 176 174 174 12 202 196 196 
16 204 176 176 369 166 196 196 
399 174 126 126 27 211 192 192 
335 130 268 268 51 201 167 167 
402 160 203 203 16 214 172 172 
389 165 202 202 28 207 172 172 
17 181 208 208 412 172 156 156 
421 177 163 163 34 209 175 175 
22 177 209 209 385 176 169 169 
424 176 166 166 114 193 185 185 
0 0 0 0 0 0 0 0 
0 0 0 0 0 0 0 0 
20 172 201 201 356 172 163 163 
0 0 0 0 0 0 0 0
405 143 191 191 33 204 207 207 
0 0 0 0 0 0 0 0 
0 0 0 0 0 0 0 0 
388 152 196 196 10 214 151 151 
0 0 0 0 0 0 0 0 
421 173 172 172 
0 0 0 0 0 0 0 0  
436 156 191 191 33 207 177 177 
358 166 172 172 20 197 200 200 
374 173 179 179 39 201 163 163 
0 0 0 0 0 0 0 0 
360 165 167 167 28 161 217 217 
377 145 188 188 44 219 186 186 
358 82 255 255 23 202 166 166 
0 0 0 0 0 0 0 0 
0 0 0 0 0 0 0 0 
0 0 0 0 0 0 0 0  
355 136 255 255 30 217 192 192 
392 148 226 226 44 207 172 172 
76 100 168 168 407 170 165 165 
0 0 0 0 0 0 0 0 
0 0 0 0 0 0 0 0 
0 0 0 0 0 0 0 0  
33 176 204 204 421 176 163 163 
410 134 182 182 48 206 176 176 
0 0 0 0 0 0 0 0 
0 0 0 0 0 0 0 0 
365 137 247 247 61 209 166 166 
361 111 226 226 71 192 179 179 
402 176 174 174 53 200 196 196 
362 162 196 196 28 203 168 168 
0 0 0 0 0 0 0 0 
356 175 166 166 4 208 196 196 
391 196 140 140 48 208 178 178 
0 0 0 0 0 0 0 0 
485 164 151 151 56 202 185 185 
0 0 0 0 0 0 0 0 
0 0 0 0 0 0 0 0 
365 160 184 184 18 201 180 180 
359 159 196 196 21 201 169 169 
0 0 0 0 0 0 0 0 
432 170 183 183 10 222 170 170 
25 183 212 212 390 174 166 166 
50 144 177 177 422 173 155 155 
0 0 0 0 0 0 0 0 
0 0 0 0 0 0 0 0 
50 144 207 207 459 182 141 141 
59 106 171 171 427 173 158 158 
442 154 182 182 61 213 177 177 
391 156 188 188 20 201 173 173 
0 0 0 0 0 0 0 0 
89 188 195 195 411 208 158 158 
0 0 0 0 0 0 0 0 
429 144 186 186 34 206 186 186 
374 173 183 183 40 197 169 169 
25 177 168 168 358 159 185 185 
409 161 209 209 13 208 172 172 
392 154 233 233 30 207 172 172 
396 169 177 177 72 204 163 163 
0 0 0 0 0 0 0 0 
406 194 182 182 30 212 179 179 
360 159 211 211 6 224 183 183 
458 176 150 150 32 200 196 196 
364 133 243 243 46 207 174 174 
375 179 162 162 8 194 186 186 
439 149 188 188 16 202 185 185 
0 0 0 0 0 0 0 0 
411 135 184 184 44 202 182 182 
384 193 180 180 24 215 172 172 
10 185 194 194 373 172 161 161 
409 169 149 149 31 208 181 181 
365 91 248 248 22 200 179 179 
0 0 0 0 0 0 0 0  
58 154 219 219 370 172 165 165 
373 168 190 190 21 205 167 167 
412 136 201 201 46 205 196 196 
0 0 0 0 0 0 0 0  
372 168 183 183 35 203 166 166 
0 0 0 0 0 0 0 0 
384 145 186 186 53 202 175 175 
25 166 215 215 360 164 169 169 
0 0 0 0 0 0 0 0 
402 175 174 174 12 188 196 196 
404 142 197 197 13 205 196 196 
443 152 184 184 18 189 185 185 
0 0 0 0 0 0 0 0 
410 188 158 158 31 207 178 178 
367 138 242 242 56 206 176 176 
0 0 0 0 0 0 0 0  
433 140 196 196 68 198 177 177 
0 0 0 0 0 0 0 0 
23 166 203 203 420 172 174 174 
354 154 196 196 25 200 174 174 
363 173 165 165 5 201 190 190 
0 0 0 0 0 0 0 0  
416 183 162 162 35 181 196 196 
338 109 255 255 33 206 181 181 
26 180 184 184 421 181 167 167 
404 151 209 209 24 205 174 174 
0 0 0 0 0 0 0 0 
439 181 150 150 43 156 205 205 
81 186 186 186 440 210 160 160 
0 0 0 0 0 0 0 0 
45 210 185 185 377 158 210 210 
324 124 255 255 35 203 191 191 
412 165 156 156 28 185 206 206 
405 148 183 183 41 212 164 164 
0 0 0 0 0 0 0 0  
396 136 187 187 47 206 174 174 
30 165 173 173 374 172 175 175 
391 174 160 160 6 192 196 196 
375 194 132 132 53 205 179 179 
21 154 202 202 370 181 165 165 
402 186 164 164 34 209 178 178 
0 0 0 0 0 0 0 0 
40 182 213 213 389 177 162 162 
395 168 226 226 21 204 165 165 
358 81 237 237 15 203 182 182 
39 185 197 197 360 167 171 171 
370 96 249 249 34 190 177 177 
0 0 0 0 0 0 0 0 
418 177 170 170 30 195 169 169 
0 0 0 0 0 0 0 0 
0 0 0 0 0 0 0 0 
425 162 188 188 44 206 170 170 
413 136 179 179 45 203 177 177 
0 0 0 0 0 0 0 0  
41 209 164 164 404 164 202 202 
0 0 0 0 0 0 0 0 
363 80 242 242 7 203 183 183 
13 197 200 200 416 178 157 157 
428 179 165 165 30 155 214 214 
353 170 178 178 54 196 167 167 
413 182 171 171 21 201 164 164 
368 162 166 166 16 196 214 214 
52 195 213 213 449 206 151 151 
423 182 171 171 52 236 181 181 
361 108 230 230 48 189 175 175 
0 0 0 0 0 0 0 0 
350 166 180 180 33 201 169 169 
0 0 0 0 0 0 0 0  
339 122 255 255 20 190 190 190 
0 0 0 0 0 0 0 0 
28 197 174 174 387 154 196 196 
0 0 0 0 0 0 0 0 
28 187 208 208 354 175 167 167 
360 116 223 223 35 180 173 173 
38 155 217 217 361 165 165 165 
0 0 0 0 0 0 0 0 
0 0 0 0 0 0 0 0 
378 175 175 175 12 201 196 196 
0 0 0 0 0 0 0 0 
0 0 0 0 0 0 0 0 
393 174 135 135 28 208 181 181 
410 175 211 211 40 197 171 171 
432 152 196 196 40 207 176 176 
0 0 0 0 0 0 0 0  
368 157 204 204 26 203 175 175 
23 176 177 177 402 166 188 188 
430 159 196 196 24 207 184 184 
43 179 206 206 420 180 170 170 
425 169 180 180 31 210 175 175 
0 0 0 0 0 0 0 0 
27 185 171 171 373 182 196 196 
377 132 191 191 74 210 172 172 
315 114 268 268 31 207 188 188 
352 156 209 209 81 215 174 174 
416 175 188 188 29 203 173 173 
378 93 245 245 19 193 172 172 
49 102 173 173 399 184 162 162 
34 158 219 219 354 164 172 172 
358 154 196 196 22 200 172 172 
0 0 0 0 0 0 0 0 
0 0 0 0 0 0 0 0 
432 139 183 183 37 201 184 184 
0 0 0 0 0 0 0 0 
20 186 201 201 385 179 171 171 
413 174 168 168 32 209 171 171 
390 94 235 235 18 199 177 177 
0 0 0 0 0 0 0 0 
388 133 177 177 60 204 169 169 